87
79
8
21
38
1
24
10
84
7
1
14
20
8
21
88
69
88
65
98
66
22
5
23
57
37
80
85
37
46
54
13
70
53
73
29
95
84
68
92
72
76
12
43
54
35
96
68
81
57
43
35
76
47
5
92
80
90
22
99
95
45
69
0
20
61
56
87
89
6
54
9
27
82
69
42
46
3
34
79
77
90
92
12
94
27
52
74
68
89
49
10
5
90
91
9
59
20
34
80
31
55
8
69
54
51
11
25
3
19
21
18
61
52
62
21
18
64
38
72
62
58
21
90
67
18
72
31
85
6
69
39
46
53
63
4
7
9
35
11
35
68
99
69
74
79
29
39
17
66
79
0
29
81
23
59
28
1
78
35
5
96
48
88
53
93
63
25
96
43
27
13
87
89
22
48
42
76
40
41
74
34
99
20
20
86
22
97
98
70
80
42
52
36
16
60
77
18
80
5
96
28
43
26
30
11
83
70
23
97
15
91
70
76
90
37
53
78
19
57
2
97
42
13
12
83
99
82
90
57
77
88
3
6
77
10
74
93
38
84
64
11
71
33
9
71
16
79
56
87
5
63
75
59
67
47
47
58
61
14
0
49
8
82
65
56
24
65
84
8
43
2
85
91
35
64
50
63
5
17
11
58
16
61
71
8
9
10
51
31
41
88
74
31
48
90
27
26
81
83
99
55
46
64
87
55
0
67
98
97
68
41
91
7
17
77
59
59
14
71
66
60
31
45
88
2
92
13
75
64
2
29
76
95
39
37
8
69
41
94
64
77
86
25
89
39
91
50
2
49
32
98
87
27
40
40
44
12
86
43
87
97
67
26
39
24
10
67
58
51
18
98
66
74
52
26
20
92
43
88
69
69
25
87
70
10
87
81
12
25
24
28
82
67
82
47
15
72
63
96
27
43
36
54
90
17
20
91
96
32
4
48
68
47
34
58
72
11
80
92
49
54
35
24
68
69
78
71
25
86
33
89
97
79
90
46
28
13
87
58
45
17
78
24
18
73
35
86
11
24
0
58
6
19
39
34
53
35
40
98
45
80
22
30
67
21
77
42
5
19
21
81
19
81
14
39
0
0
20
48
93
95
27
94
64
79
68
67
49
21
94
20
90
87
80
62
82
0
32
59
53
74
10
25
54
70
11
18
34
75
13
52
61
42
7
1
79
94
42
83
89
3
20
1
65
70
0
82
24
59
83
12
36
3
74
94
43
58
46
19
43
20
33
85
31
48
50
33
26
1
33
26
31
69
21
30
70
21
14
38
11
68
47
69
33
66
41
92
80
11
82
57
96
79
98
49
15
25
64
16
78
16
37
75
77
8
9
58
56
49
58
98
1
82
63
75
97
77
31
94
23
23
16
80
33
13
39
46
53
44
20
77
19
10
57
92
94
62
29
74
8
30
84
34
12
13
92
41
59
47
11
61
11
24
86
36
5
57
23
73
89
99
14
61
4
76
19
39
30
72
12
12
86
95
76
61
51
16
97
3
65
6
63
33
44
88
83
38
77
64
71
14
88
69
3
59
38
25
41
85
41
78
78
50
93
61
86
48
34
21
86
89
84
70
5
30
59
14
64
29
29
42
72
68
53
78
78
99
9
62
77
81
12
16
88
80
6
63
74
27
94
83
92
60
3
96
42
43
14
10
11
46
8
78
80
9
32
46
32
29
0
90
25
40
41
82
73
68
37
46
40
34
73
34
51
11
68
60
67
73
55
19
72
19
99
24
76
51
45
36
44
50
88
18
70
75
66
25
66
68
33
17
83
92
89
50
85
90
48
37
74
1
85
23
22
90
38
41
4
15
16
62
78
65
81
65
4
28
94
7
14
83
87
37
57
79
44
67
36
82
58
12
56
64
0
89
1
46
44
77
12
48
41
7
31
70
42
72
55
35
97
21
50
93
71
34
40
85
16
61
28
9
71
64
37
81
44
57
90
88
38
95
91
80
77
31
50
57
4
51
79
14
91
84
32
3
28
54
49
6
36
84
48
1
11
9
37
46
21
27
20
59
43
80
7
1
42
78
56
19
59
33
28
43
84
14
51
24
3
44
28
80
85
56
64
22
38
17
43
53
91
7
87
99
64
11
59
64
2
84
32
43
50
82
94
55
13
85
5
0
15
50
81
41
49
25
97
22
3
1
57
24
3
33
72
32
49
53
18
73
60
62
66
29
42
35
32
38
44
51
82
8
65
60
64
51
34
71
82
95
34
84
74
67
16
57
79
55
70
1
26
19
80
2
11
10
23
4
8
36
42